2434
2435
2436
2437
2438
2439
2440
2441
2442
2443
2444
2445
2446
2447
2448
2449
2450
2451
21773
21778
21775
21776
21777
21779
21780
21781
21782
62505
62506
20666
20667
20670
20669
2367
20672
20673
2369
2370
2371
2373
2374
20681
2375
2376
2377
2378
2379
2380
2381
2382
2383
2384
2385
21769
20674
20671
20676
21771
20677
21764
21772
20678
20679
21774
20680
20682
20683
20692
20693
20694
20695
20696
20697
20698
20699
20700
20701
20702
20703
21760
21761
21742
21748
21749
21750
21751
21752
21753
21754
21755
21756
21757
21758
21759
21741
22784
22785
22786
22787
22788
22789
22790
22791
22792
24644
22757
22758
22760
22761
22762
22763
22764
22765
22766
22767
22768
22769
22770
22771
22777
22778
22779
22780
22781
22782
22783
24645
