19465
13911
18965
13913
38
39
5160
41
42
43
44
45
560
561
563
564
6713
5198
5199
5200
5201
5202
5203
5204
5205
5206
5207
5208
5209
5210
5211
5212
5213
5214
5215
5216
5217
5218
3178
3179
145
1173
1174
1175
1176
1177
1178
1179
1180
1181
2719
2720
2722
2723
2725
2726
2728
2729
5313
1732
1734
5328
1240
13026
1254
13036
40
244
13047
1272
1273
1274
1275
256
262
274
280
286
292
298
1837
15689
15691
15692
15693
15694
15695
15696
15697
15698
11121
17780
2715
13041
2716
2717
10674
13245
6086
464
250
1002
1003
13909
19465
13911
18965
13913
38
39
5160
41
42
43
44
45
560
561
563
564
6713
5198
5199
5200
5201
5202
5203
5204
5205
5206
5207
5208
5209
5210
5211
5212
5213
5214
5215
5216
5217
5218
3178
3179
145
1173
1174
1175
1176
1177
1178
1179
1180
1181
2719
2720
2722
2723
2725
2726
2728
2729
5313
1732
1734
5328
1240
13026
1254
13036
40
244
13047
1272
1273
1274
1275
256
262
274
280
286
292
298
1837
15689
15691
15692
15693
15694
15695
15696
15697
15698
11121
17780
2715
13041
2716
2717
10674
13245
6086
464
250
1002
1003
13909
5037
1262
10772
10773
10774
13043
6168
33
34
35
5161
19500
19501
19502
19503
54
56
60
17801
4534
74
6234
10085
5219
5220
5221
5222
5223
5224
5225
5226
5227
5228
5229
5230
5231
5232
2673
2674
5235
5236
12918
5239
12922
12923
5238
19477
7299
13249
11885
1168
1171
1172
149
153
156
1221
1222
5233
5234
1713
11969
11971
11973
3782
1223
13514
8397
8398
8399
8400
8401
8402
8403
1243
8412
1245
8414
1247
8416
8417
8418
13027
13028
13029
13030
1255
1256
1257
1259
8428
8429
8430
13039
8432
8433
8434
8435
13044
13045
9462
9464
9465
9466
9467
9468
9469
9470
9471
9472
9473
1219
8968
8969
8970
8971
1731
14617
5840
8413
5430
1929
8415
16701
9024
11079
8520
7499
7500
8419
13652
17807
15198
18150
10086
17771
17810
7024
7025
7026
7027
7028
13038
5509
5510
17799
17800
1260
17802
17803
17804
17805
17806
13037
17808
17809
9618
17811
17812
17813
17814
17815
17816
17817
17818
8431
17820
17821
17822
17823
17824
17825
17826
17819
17828
17829
17830
9639
17832
17833
17834
17835
17836
17837
17838
17839
8114
8115
8116
8117
8118
8119
8121
16315
13040
961
6087
458
13260
5583
17827
6625
6626
17831
1006
13042
9472
17835
9466
19465
13911
17837
10772
18965
10774
13913
6168
17839
6234
7025
33
34
35
38
39
5160
41
42
43
44
45
19502
19503
560
561
563
564
54
8969
56
6713
60
8118
74
5198
5199
5200
5201
5202
5203
5204
5205
5206
5207
5208
5209
5210
5211
5212
5213
5214
5215
5216
5217
5218
5219
5220
5221
5222
5223
5224
5225
3178
3179
5228
5229
5230
5231
5232
2673
2674
5235
5236
12918
5239
13030
12922
12923
5226
10773
8433
5227
11969
11885
1168
145
11973
1171
1172
1173
1174
1175
1176
1177
1178
1179
1180
1181
2719
2720
2722
2723
2725
2726
5233
2728
2729
5234
1713
8428
7028
13040
5313
961
11971
1732
5238
1734
1223
13514
8418
8397
8398
8399
5328
8401
8402
8403
1240
1243
19477
1245
8414
1247
8416
8400
13026
13027
13028
13029
1254
1255
1256
1257
1259
13036
8429
1262
13039
8432
40
8434
13043
244
13045
9462
13047
1272
1273
1274
1275
9468
9469
9470
9471
256
9473
262
8968
19500
8970
8971
19501
274
7299
1731
280
14617
5840
286
1219
292
8412
298
1837
8413
18150
5430
1929
8431
8415
16701
9024
1221
8417
8520
15689
15691
15692
15693
15694
15695
15696
15697
15698
8419
13652
15198
1222
13037
10085
10086
17771
9618
7024
11121
7026
7027
17780
5161
8121
149
13038
5509
5510
17799
17800
17801
17802
17803
17804
17805
17806
17807
17808
17809
17810
17811
17812
8430
17814
153
17816
17817
17818
156
17820
17821
17822
17823
17824
17825
17826
2715
17828
17829
17830
13041
17813
2716
17834
11079
17836
5037
17838
2717
3782
10674
8435
8116
8117
4534
8119
13044
16315
13245
13249
7499
17831
6086
6087
7500
458
13260
5583
464
9464
17827
1260
9465
250
17819
8114
6625
6626
9467
17815
1002
1003
1006
17832
9639
17833
13042
8115
13909
2682
1220
5237
13277
9472
17835
9466
19465
13911
17837
10772
18965
10774
13913
6168
17839
6234
7025
33
34
35
38
39
5160
41
42
43
44
45
19502
19503
560
561
563
564
54
8969
56
6713
60
8118
74
5198
5199
5200
5201
5202
5203
5204
5205
5206
5207
5208
5209
5210
5211
5212
5213
5214
5215
5216
5217
5218
5219
5220
5221
5222
5223
5224
5225
3178
3179
5228
5229
5230
5231
5232
2673
2674
5235
5236
5237
12918
5239
13030
12922
12923
5226
10773
8433
5227
11969
11885
1168
145
11973
1171
1172
1173
1174
1175
1176
1177
1178
1179
1180
1181
2719
2720
2722
2723
2725
2726
5233
2728
2729
5234
1713
8428
7028
13040
5313
961
11971
1732
5238
1734
1223
13514
8418
8397
8398
8399
5328
8401
8402
8403
1240
1243
19477
1245
8414
1247
8416
8400
13026
13027
13028
13029
1254
1255
1256
1257
1259
13036
8429
1262
13039
8432
40
8434
13043
244
13045
9462
13047
1272
1273
1274
1275
9468
9469
9470
9471
256
9473
262
8968
19500
8970
8971
19501
274
7299
1731
280
14617
5840
286
1219
292
8412
298
1837
8413
18150
5430
1929
8431
8415
2682
16701
9024
1221
8417
8520
15689
15691
15692
15693
15694
15695
15696
15697
15698
8419
13652
15198
1222
13037
10085
10086
17771
9618
7024
11121
7026
7027
17780
5161
8121
149
13038
5509
5510
17799
17800
17801
17802
17803
17804
17805
17806
17807
17808
17809
17810
17811
17812
8430
17814
153
17816
17817
17818
156
17820
17821
17822
17823
17824
17825
17826
2715
17828
17829
17830
13041
17813
2716
17834
11079
17836
5037
17838
2717
3782
10674
8435
8116
8117
4534
8119
13044
16315
13245
13277
13249
7499
17831
6086
6087
7500
458
13260
5583
464
9464
17827
1260
9465
250
17819
8114
6625
6626
9467
17815
1002
1003
1006
17832
1220
9639
17833
13042
8115
13909
20224
20225
20226
20227
20228
20229
20230
20231
20232
20233
20234
20235
20236
20237
20238
20239
20240
20241
20242
20243
20244
20245
20246
20247
20248
20249
20250
20251
20252
20253
20254
20255
20256
20257
20215
20216
20217
20218
20371
20212
20213
20214
20471
20472
20473
20474
20219
20220
20221
20222
20223
6168
33
34
35
38
39
40
41
42
43
44
45
54
56
60
74
6234
145
1731
149
153
156
3782
8397
8398
8399
8400
8401
8402
8403
8412
8413
8414
8415
8416
8417
8418
8419
8428
8429
8430
8431
8432
8433
8434
8435
244
250
256
262
274
280
14617
286
292
298
16701
8520
17810
10674
4534
458
464
6625
6626
9639
10772
18965
10774
560
561
563
564
6713
2673
2674
12918
12922
12923
5226
5227
2715
2716
2717
2719
2720
2722
2723
2725
2726
2728
2729
13026
13027
13028
13029
13030
13036
13037
13038
13039
13040
13041
13042
13043
13044
13045
13047
8968
8969
8970
8971
9024
11079
15198
7024
7025
7026
7027
7028
5037
13245
961
13260
13277
1002
1003
1006
19465
19477
5160
5161
19500
19501
19502
19503
5198
5199
5200
5201
5202
5203
5204
5205
5206
5207
5208
5209
5210
5211
5212
5213
5214
5215
5216
5217
5218
5219
5220
5221
5222
5223
5224
5225
3178
3179
5228
5229
5230
5231
5232
5233
5234
5235
5236
5237
5238
5239
10773
7299
1168
1171
1172
1173
1174
1175
1176
1177
1178
1179
1180
1181
11121
5313
1219
1220
1221
1222
1223
13514
5328
1240
1243
1245
1247
1254
1255
1256
1257
1259
1260
1262
9462
1272
1273
9466
1275
9468
9469
9470
9471
9472
9473
5430
15689
15691
15692
15693
15694
15695
15696
15697
15698
13652
17771
17780
5509
5510
17799
17800
17801
17802
17803
17804
17805
17806
17807
17808
17809
9618
17811
17812
17813
17814
17815
17816
17817
17818
17819
17820
17821
17822
17823
17824
17825
17826
17827
17828
17829
17830
17831
17832
17833
17834
17835
17836
17837
17838
17839
5583
9464
9465
1274
9467
13909
13911
13913
11885
13249
1713
11969
11971
1732
11973
1734
5840
2682
18150
20212
20213
20214
20215
20216
20217
20218
20219
20220
20221
20222
20223
20224
20225
20226
20227
20228
20229
20230
20231
20232
20233
20234
20235
20236
20237
20238
20239
20240
20241
20242
20243
20244
20245
20246
20247
20248
20249
20250
20251
20252
20253
20254
20255
20256
20257
1837
10085
10086
1929
20371
8114
8115
8116
8117
8118
8119
8121
16315
7499
6086
6087
7500
20471
20472
20473
20474
22296
22297
22294
22295
