0	127
1	127
2	127
3	126
4	125
5	125
6	124
7	124
8	123
9	123
10	122
11	122
12	121
13	121
14	120
15	120
16	119
17	119
18	118
19	118
20	117
21	117
22	116
23	115
24	115
25	114
26	114
27	113
28	113
29	112
30	112
31	111
32	111
33	110
34	110
35	109
36	109
37	108
38	108
39	107
40	107
41	106
42	106
43	105
44	105
45	104
46	103
47	103
48	102
49	102
50	101
51	101
52	100
53	100
54	99
55	99
56	98
57	98
58	97
59	97
60	96
61	96
62	95
63	95
64	94
65	94
66	93
67	93
68	92
69	91
70	91
71	90
72	90
73	89
74	89
75	88
76	88
77	87
78	87
79	86
80	86
81	85
82	85
83	84
84	84
85	83
86	83
87	82
88	82
89	81
90	80
91	80
92	79
93	79
94	78
95	78
96	77
97	77
98	76
99	76
100	75
101	75
102	74
103	74
104	73
105	73
106	72
107	72
108	71
109	71
110	70
111	70
112	69
113	68
114	68
115	67
116	67
117	66
118	66
119	65
120	65
121	64
122	64
123	63
124	63
125	62
126	62
127	61
